image: map.pgm
resolution: 0.05000000074505806
origin: [-19.0, -47.8, 0.000000]
negate: 0
occupied_thresh: 0.65
free_thresh: 0.196
