image: map.pgm
resolution: 0.05
origin: [-28.400000000000002, -11.375, 0.0]
initial_pose: [9.466666666666667, -10.214285714285714]
negate: 0
occupied_thresh: 0.65
free_thresh: 0.196
